464056457
960067866
301569871
414660895
690592948
1275
93491598
149665513
462407969
707907709
135277053
2556
685018068
211496836
291272714
983032261
995263078
535309267
263201307
98152375
517823667
620419192
929791994
283782776
973704379
842575284
811415224
374797854
74261327
564325117
659467845
331538930
17297139
728269476
776223870
710180616
54875669
508821757
870986137
2278
208306170
183361840
114445017
711115469
181280391
169639009
277005941
118168261
83705102
89285332
163755637
691179266
176741125
97121796
561011289
234716841
677932805
807968630
869596171
714023682
188552969
994259803
98890024
658176048
710058068
75503843
389518057
824449644
824836469
267636250
976914835
832340796
579737918
643086910
298733223
416756695
913571859
207332179
38
327205595
366825231
715994820
680495448
641258366
6
714323995
14868597
244099307
516805
704203415
48749399
321236489
918348652
876766523
768289810
348323896
1138816
185106677
342273653
614937878